Number of cells: 10 x 10
  K matrix = 200 x 200
True	Pr: {1002.05, 912.911, 859.212, 822.285, 794.883, 773.843, 757.708, 745.826, 737.947, 734.007, 912.911, 877.676, 842.441, 812.76, 788.522, 768.938, 753.455, 741.824, 734.007, 730.067, 859.212, 842.441, 820.117, 797.792, 777.506, 759.931, 745.35, 734.007, 726.19, 722.188, 822.285, 812.76, 797.792, 780.785, 763.779, 747.931, 734.007, 722.664, 714.559, 710.306, 794.883, 788.522, 777.506, 763.779, 748.893, 734.007, 720.083, 708.083, 699.076, 694.171, 773.843, 768.938, 759.931, 747.931, 734.007, 719.121, 704.235, 690.508, 679.492, 673.13, 757.708, 753.455, 745.35, 734.007, 720.083, 704.235, 687.228, 670.222, 655.254, 645.728, 745.826, 741.824, 734.007, 722.664, 708.083, 690.508, 670.222, 647.897, 625.572, 608.801, 737.947, 734.007, 726.19, 714.559, 699.076, 679.492, 655.254, 625.572, 590.338, 555.103, 734.007, 730.067, 722.188, 710.306, 694.171, 673.13, 645.728, 608.801, 555.103, 466.17}	Sw: {0.20108, 0.2, 0.2, 0.2, 0.2, 0.2, 0.2, 0.2, 0.2, 0.2, 0.2, 0.2, 0.2, 0.2, 0.2, 0.2, 0.2, 0.2, 0.2, 0.2, 0.2, 0.2, 0.2, 0.2, 0.2, 0.2, 0.2, 0.2, 0.2, 0.2, 0.2, 0.2, 0.2, 0.2, 0.2, 0.2, 0.2, 0.2, 0.2, 0.2, 0.2, 0.2, 0.2, 0.2, 0.2, 0.2, 0.2, 0.2, 0.2, 0.2, 0.2, 0.2, 0.2, 0.2, 0.2, 0.2, 0.2, 0.2, 0.2, 0.2, 0.2, 0.2, 0.2, 0.2, 0.2, 0.2, 0.2, 0.2, 0.2, 0.2, 0.2, 0.2, 0.2, 0.2, 0.2, 0.2, 0.2, 0.2, 0.2, 0.2, 0.2, 0.2, 0.2, 0.2, 0.2, 0.2, 0.2, 0.2, 0.2, 0.2, 0.2, 0.2, 0.2, 0.2, 0.2, 0.2, 0.2, 0.2, 0.2, 0.2}
  Jacobi
0	Pr: {340, 340, 340, 340, 340, 340, 340, 340, 340, 340, 340, 340, 340, 340, 340, 340, 340, 340, 340, 340, 340, 340, 340, 340, 340, 340, 340, 340, 340, 340, 340, 340, 340, 340, 340, 340, 340, 340, 340, 340, 340, 340, 340, 340, 340, 340, 340, 340, 340, 340, 340, 340, 340, 340, 340, 340, 340, 340, 340, 340, 340, 340, 340, 340, 340, 340, 340, 340, 340, 340, 340, 340, 340, 340, 340, 340, 340, 340, 340, 340, 340, 340, 340, 340, 340, 340, 340, 340, 340, 340, 340, 340, 340, 340, 340, 340, 340, 340, 340, 340}	Sw: {0.2, 0.2, 0.2, 0.2, 0.2, 0.2, 0.2, 0.2, 0.2, 0.2, 0.2, 0.2, 0.2, 0.2, 0.2, 0.2, 0.2, 0.2, 0.2, 0.2, 0.2, 0.2, 0.2, 0.2, 0.2, 0.2, 0.2, 0.2, 0.2, 0.2, 0.2, 0.2, 0.2, 0.2, 0.2, 0.2, 0.2, 0.2, 0.2, 0.2, 0.2, 0.2, 0.2, 0.2, 0.2, 0.2, 0.2, 0.2, 0.2, 0.2, 0.2, 0.2, 0.2, 0.2, 0.2, 0.2, 0.2, 0.2, 0.2, 0.2, 0.2, 0.2, 0.2, 0.2, 0.2, 0.2, 0.2, 0.2, 0.2, 0.2, 0.2, 0.2, 0.2, 0.2, 0.2, 0.2, 0.2, 0.2, 0.2, 0.2, 0.2, 0.2, 0.2, 0.2, 0.2, 0.2, 0.2, 0.2, 0.2, 0.2, 0.2, 0.2, 0.2, 0.2, 0.2, 0.2, 0.2, 0.2, 0.2, 0.2}
10	Pr: {500.446, 411.316, 374.136, 351.899, 345.124, 341.116, 340.421, 340.041, 340.014, 340, 411.316, 385.255, 359.206, 349.241, 342.361, 340.95, 340.108, 340.037, 339.999, 339.999, 374.136, 359.206, 351.354, 343.507, 341.598, 340.217, 340.081, 339.999, 339.998, 339.993, 351.899, 349.241, 343.507, 341.908, 340.31, 340.132, 339.998, 339.996, 339.984, 339.982, 345.124, 342.361, 341.598, 340.31, 340.155, 339.997, 339.994, 339.971, 339.96, 339.911, 341.116, 340.95, 340.217, 340.132, 339.997, 339.993, 339.96, 339.932, 339.828, 339.793, 340.421, 340.108, 340.081, 339.998, 339.994, 339.96, 339.919, 339.757, 339.629, 339.379, 340.041, 340.037, 339.999, 339.996, 339.971, 339.932, 339.757, 339.546, 339.049, 338.714, 340.014, 339.999, 339.998, 339.984, 339.96, 339.828, 339.629, 339.049, 338.308, 337.161, 340, 339.999, 339.993, 339.982, 339.911, 339.793, 339.379, 338.714, 337.161, 334.462}	Sw: {0.20108, 0.2, 0.2, 0.2, 0.2, 0.2, 0.2, 0.2, 0.2, 0.2, 0.2, 0.2, 0.2, 0.2, 0.2, 0.2, 0.2, 0.2, 0.2, 0.2, 0.2, 0.2, 0.2, 0.2, 0.2, 0.2, 0.2, 0.2, 0.2, 0.2, 0.2, 0.2, 0.2, 0.2, 0.2, 0.2, 0.2, 0.2, 0.2, 0.2, 0.2, 0.2, 0.2, 0.2, 0.2, 0.2, 0.2, 0.2, 0.2, 0.2, 0.2, 0.2, 0.2, 0.2, 0.2, 0.2, 0.2, 0.2, 0.2, 0.2, 0.2, 0.2, 0.2, 0.2, 0.2, 0.2, 0.2, 0.2, 0.2, 0.2, 0.2, 0.2, 0.2, 0.2, 0.2, 0.2, 0.2, 0.2, 0.2, 0.2, 0.2, 0.2, 0.2, 0.2, 0.2, 0.2, 0.2, 0.2, 0.2, 0.2, 0.2, 0.2, 0.2, 0.2, 0.2, 0.2, 0.2, 0.2, 0.2, 0.2}	Convergence: 0.021641
20	Pr: {533.543, 444.411, 399.765, 371.169, 357.32, 347.886, 344.089, 341.537, 340.778, 340.326, 444.411, 414.064, 383.725, 366.146, 352.907, 347.008, 342.833, 341.405, 340.449, 340.298, 399.765, 383.725, 370.254, 356.786, 349.904, 344.394, 342.297, 340.767, 340.354, 340.081, 371.169, 366.146, 356.786, 351.155, 345.517, 343.132, 341.149, 340.529, 340.046, 339.977, 357.32, 352.907, 349.904, 345.517, 343.48, 341.415, 340.701, 340.052, 339.875, 339.704, 347.886, 347.008, 344.394, 343.132, 341.415, 340.772, 340.059, 339.804, 339.506, 339.419, 344.089, 342.833, 342.297, 341.149, 340.701, 340.059, 339.775, 339.366, 339.114, 338.837, 341.537, 341.405, 340.767, 340.529, 340.052, 339.804, 339.366, 338.977, 338.409, 338.019, 340.778, 340.449, 340.354, 340.046, 339.875, 339.506, 339.114, 338.409, 337.565, 336.528, 340.326, 340.298, 340.081, 339.977, 339.704, 339.419, 338.837, 338.019, 336.528, 334.005}	Sw: {0.20108, 0.2, 0.2, 0.2, 0.2, 0.2, 0.2, 0.2, 0.2, 0.2, 0.2, 0.2, 0.2, 0.2, 0.2, 0.2, 0.2, 0.2, 0.2, 0.2, 0.2, 0.2, 0.2, 0.2, 0.2, 0.2, 0.2, 0.2, 0.2, 0.2, 0.2, 0.2, 0.2, 0.2, 0.2, 0.2, 0.2, 0.2, 0.2, 0.2, 0.2, 0.2, 0.2, 0.2, 0.2, 0.2, 0.2, 0.2, 0.2, 0.2, 0.2, 0.2, 0.2, 0.2, 0.2, 0.2, 0.2, 0.2, 0.2, 0.2, 0.2, 0.2, 0.2, 0.2, 0.2, 0.2, 0.2, 0.2, 0.2, 0.2, 0.2, 0.2, 0.2, 0.2, 0.2, 0.2, 0.2, 0.2, 0.2, 0.2, 0.2, 0.2, 0.2, 0.2, 0.2, 0.2, 0.2, 0.2, 0.2, 0.2, 0.2, 0.2, 0.2, 0.2, 0.2, 0.2, 0.2, 0.2, 0.2, 0.2}	Convergence: 0.0111483
30	Pr: {553.503, 464.368, 416.933, 385.795, 368.336, 355.821, 349.436, 344.837, 343.016, 341.902, 464.368, 432.501, 400.637, 379.668, 363.377, 354.376, 347.616, 344.487, 342.262, 341.778, 416.933, 400.637, 384.746, 368.851, 358.905, 350.652, 346.432, 343.17, 341.922, 341.11, 385.795, 379.668, 368.851, 360.787, 352.704, 348.143, 344.218, 342.442, 341.05, 340.776, 368.336, 363.377, 358.905, 352.704, 348.832, 344.92, 342.959, 341.211, 340.557, 340.063, 355.821, 354.376, 350.652, 348.143, 344.92, 343.171, 341.353, 340.516, 339.733, 339.554, 349.436, 347.616, 346.432, 344.218, 342.959, 341.353, 340.514, 339.573, 339.111, 338.705, 344.837, 344.487, 343.17, 342.442, 341.211, 340.516, 339.573, 338.945, 338.194, 337.778, 343.016, 342.262, 341.922, 341.05, 340.557, 339.733, 339.111, 338.194, 337.283, 336.251, 341.902, 341.778, 341.11, 340.776, 340.063, 339.554, 338.705, 337.778, 336.251, 333.815}	Sw: {0.20108, 0.2, 0.2, 0.2, 0.2, 0.2, 0.2, 0.2, 0.2, 0.2, 0.2, 0.2, 0.2, 0.2, 0.2, 0.2, 0.2, 0.2, 0.2, 0.2, 0.2, 0.2, 0.2, 0.2, 0.2, 0.2, 0.2, 0.2, 0.2, 0.2, 0.2, 0.2, 0.2, 0.2, 0.2, 0.2, 0.2, 0.2, 0.2, 0.2, 0.2, 0.2, 0.2, 0.2, 0.2, 0.2, 0.2, 0.2, 0.2, 0.2, 0.2, 0.2, 0.2, 0.2, 0.2, 0.2, 0.2, 0.2, 0.2, 0.2, 0.2, 0.2, 0.2, 0.2, 0.2, 0.2, 0.2, 0.2, 0.2, 0.2, 0.2, 0.2, 0.2, 0.2, 0.2, 0.2, 0.2, 0.2, 0.2, 0.2, 0.2, 0.2, 0.2, 0.2, 0.2, 0.2, 0.2, 0.2, 0.2, 0.2, 0.2, 0.2, 0.2, 0.2, 0.2, 0.2, 0.2, 0.2, 0.2, 0.2}	Convergence: 0.00740313
40	Pr: {567.907, 478.768, 429.867, 397.356, 377.767, 363.365, 355.169, 349.09, 346.383, 344.724, 478.768, 446.12, 413.466, 390.599, 372.55, 361.519, 353.003, 348.525, 345.272, 344.466, 429.867, 413.466, 396.237, 378.994, 367.124, 357.1, 351.267, 346.652, 344.633, 343.331, 397.356, 390.599, 378.994, 369.408, 359.795, 353.622, 348.23, 345.399, 343.171, 342.668, 377.767, 372.55, 367.124, 359.795, 354.557, 349.275, 346.184, 343.428, 342.249, 341.404, 363.365, 361.519, 357.1, 353.622, 349.275, 346.508, 343.676, 342.185, 340.847, 340.549, 355.169, 353.003, 351.267, 348.23, 346.184, 343.676, 342.192, 340.626, 339.879, 339.268, 349.09, 348.525, 346.652, 345.399, 343.428, 342.185, 340.626, 339.655, 338.59, 338.127, 346.383, 345.272, 344.633, 343.171, 342.249, 340.847, 339.879, 338.59, 337.533, 336.389, 344.724, 344.466, 343.331, 342.668, 341.404, 340.549, 339.268, 338.127, 336.389, 333.889}	Sw: {0.20108, 0.2, 0.2, 0.2, 0.2, 0.2, 0.2, 0.2, 0.2, 0.2, 0.2, 0.2, 0.2, 0.2, 0.2, 0.2, 0.2, 0.2, 0.2, 0.2, 0.2, 0.2, 0.2, 0.2, 0.2, 0.2, 0.2, 0.2, 0.2, 0.2, 0.2, 0.2, 0.2, 0.2, 0.2, 0.2, 0.2, 0.2, 0.2, 0.2, 0.2, 0.2, 0.2, 0.2, 0.2, 0.2, 0.2, 0.2, 0.2, 0.2, 0.2, 0.2, 0.2, 0.2, 0.2, 0.2, 0.2, 0.2, 0.2, 0.2, 0.2, 0.2, 0.2, 0.2, 0.2, 0.2, 0.2, 0.2, 0.2, 0.2, 0.2, 0.2, 0.2, 0.2, 0.2, 0.2, 0.2, 0.2, 0.2, 0.2, 0.2, 0.2, 0.2, 0.2, 0.2, 0.2, 0.2, 0.2, 0.2, 0.2, 0.2, 0.2, 0.2, 0.2, 0.2, 0.2, 0.2, 0.2, 0.2, 0.2}	Convergence: 0.00551316
50	Pr: {579.221, 490.077, 440.283, 406.925, 385.97, 370.343, 360.902, 353.802, 350.439, 348.388, 490.077, 456.957, 423.823, 399.765, 380.6, 368.207, 358.503, 353.047, 349.056, 347.991, 440.283, 423.823, 405.755, 387.666, 374.518, 363.311, 356.325, 350.738, 348.122, 346.452, 406.925, 399.765, 387.666, 377.064, 366.429, 359.103, 352.656, 349.008, 346.135, 345.435, 385.97, 380.6, 374.518, 366.429, 360.199, 353.923, 349.941, 346.391, 344.767, 343.627, 370.343, 368.207, 363.311, 359.103, 353.923, 350.33, 346.678, 344.611, 342.785, 342.37, 360.902, 358.503, 356.325, 352.656, 349.941, 346.678, 344.6, 342.452, 341.415, 340.592, 353.802, 353.047, 350.738, 349.008, 346.391, 344.611, 342.452, 341.104, 339.682, 339.144, 350.439, 349.056, 348.122, 346.135, 344.767, 342.785, 341.415, 339.682, 338.401, 337.052, 348.388, 347.991, 346.452, 345.435, 343.627, 342.37, 340.592, 339.144, 337.052, 334.284}	Sw: {0.20108, 0.2, 0.2, 0.2, 0.2, 0.2, 0.2, 0.2, 0.2, 0.2, 0.2, 0.2, 0.2, 0.2, 0.2, 0.2, 0.2, 0.2, 0.2, 0.2, 0.2, 0.2, 0.2, 0.2, 0.2, 0.2, 0.2, 0.2, 0.2, 0.2, 0.2, 0.2, 0.2, 0.2, 0.2, 0.2, 0.2, 0.2, 0.2, 0.2, 0.2, 0.2, 0.2, 0.2, 0.2, 0.2, 0.2, 0.2, 0.2, 0.2, 0.2, 0.2, 0.2, 0.2, 0.2, 0.2, 0.2, 0.2, 0.2, 0.2, 0.2, 0.2, 0.2, 0.2, 0.2, 0.2, 0.2, 0.2, 0.2, 0.2, 0.2, 0.2, 0.2, 0.2, 0.2, 0.2, 0.2, 0.2, 0.2, 0.2, 0.2, 0.2, 0.2, 0.2, 0.2, 0.2, 0.2, 0.2, 0.2, 0.2, 0.2, 0.2, 0.2, 0.2, 0.2, 0.2, 0.2, 0.2, 0.2, 0.2}	Convergence: 0.00441372
60	Pr: {588.592, 499.444, 449.065, 415.147, 393.275, 376.825, 366.52, 358.717, 354.88, 352.557, 499.444, 466.016, 432.565, 407.713, 387.802, 374.473, 363.954, 357.803, 353.294, 352.029, 449.065, 432.565, 413.936, 395.278, 381.253, 369.233, 361.426, 355.152, 352.094, 350.16, 415.147, 407.713, 395.278, 383.971, 372.626, 364.472, 357.27, 353.014, 349.666, 348.808, 393.275, 387.802, 381.253, 372.626, 365.669, 358.667, 354.01, 349.859, 347.881, 346.512, 376.825, 374.473, 369.233, 364.472, 358.667, 354.428, 350.134, 347.596, 345.37, 344.85, 366.52, 363.954, 361.426, 357.27, 354.01, 350.134, 347.547, 344.899, 343.594, 342.575, 358.717, 357.803, 355.152, 353.014, 349.859, 347.596, 344.899, 343.183, 341.405, 340.762, 354.88, 353.294, 352.094, 349.666, 347.881, 345.37, 343.594, 341.405, 339.84, 338.219, 352.557, 352.029, 350.16, 348.808, 346.512, 344.85, 342.575, 340.762, 338.219, 334.987}	Sw: {0.20108, 0.2, 0.2, 0.2, 0.2, 0.2, 0.2, 0.2, 0.2, 0.2, 0.2, 0.2, 0.2, 0.2, 0.2, 0.2, 0.2, 0.2, 0.2, 0.2, 0.2, 0.2, 0.2, 0.2, 0.2, 0.2, 0.2, 0.2, 0.2, 0.2, 0.2, 0.2, 0.2, 0.2, 0.2, 0.2, 0.2, 0.2, 0.2, 0.2, 0.2, 0.2, 0.2, 0.2, 0.2, 0.2, 0.2, 0.2, 0.2, 0.2, 0.2, 0.2, 0.2, 0.2, 0.2, 0.2, 0.2, 0.2, 0.2, 0.2, 0.2, 0.2, 0.2, 0.2, 0.2, 0.2, 0.2, 0.2, 0.2, 0.2, 0.2, 0.2, 0.2, 0.2, 0.2, 0.2, 0.2, 0.2, 0.2, 0.2, 0.2, 0.2, 0.2, 0.2, 0.2, 0.2, 0.2, 0.2, 0.2, 0.2, 0.2, 0.2, 0.2, 0.2, 0.2, 0.2, 0.2, 0.2, 0.2, 0.2}	Convergence: 0.00378081
70	Pr: {596.665, 507.513, 456.733, 422.434, 399.925, 382.907, 371.994, 363.702, 359.522, 357.008, 507.513, 473.875, 440.206, 414.805, 394.378, 380.393, 369.306, 362.656, 357.784, 356.366, 456.733, 440.206, 421.186, 402.132, 387.489, 374.897, 366.5, 359.738, 356.354, 354.23, 422.434, 414.805, 402.132, 390.321, 378.47, 369.715, 361.966, 357.258, 353.563, 352.578, 399.925, 394.378, 387.489, 378.47, 370.975, 363.434, 358.266, 353.661, 351.407, 349.862, 382.907, 380.393, 374.897, 369.715, 363.434, 358.692, 353.899, 350.98, 348.433, 347.817, 371.994, 369.306, 366.5, 361.966, 358.266, 353.899, 350.885, 347.816, 346.267, 345.073, 363.702, 362.656, 359.738, 357.258, 353.661, 350.98, 347.816, 345.753, 343.635, 342.862, 359.522, 357.784, 356.354, 353.563, 351.407, 348.433, 346.267, 343.635, 341.743, 339.804, 357.008, 356.366, 354.23, 352.578, 349.862, 347.817, 345.073, 342.862, 339.804, 335.944}	Sw: {0.20108, 0.2, 0.2, 0.2, 0.2, 0.2, 0.2, 0.2, 0.2, 0.2, 0.2, 0.2, 0.2, 0.2, 0.2, 0.2, 0.2, 0.2, 0.2, 0.2, 0.2, 0.2, 0.2, 0.2, 0.2, 0.2, 0.2, 0.2, 0.2, 0.2, 0.2, 0.2, 0.2, 0.2, 0.2, 0.2, 0.2, 0.2, 0.2, 0.2, 0.2, 0.2, 0.2, 0.2, 0.2, 0.2, 0.2, 0.2, 0.2, 0.2, 0.2, 0.2, 0.2, 0.2, 0.2, 0.2, 0.2, 0.2, 0.2, 0.2, 0.2, 0.2, 0.2, 0.2, 0.2, 0.2, 0.2, 0.2, 0.2, 0.2, 0.2, 0.2, 0.2, 0.2, 0.2, 0.2, 0.2, 0.2, 0.2, 0.2, 0.2, 0.2, 0.2, 0.2, 0.2, 0.2, 0.2, 0.2, 0.2, 0.2, 0.2, 0.2, 0.2, 0.2, 0.2, 0.2, 0.2, 0.2, 0.2, 0.2}	Convergence: 0.00333941
80	Pr: {603.838, 514.683, 463.621, 429.053, 406.094, 388.675, 377.326, 368.689, 364.257, 361.608, 514.683, 480.896, 447.074, 421.283, 400.492, 386.037, 374.547, 367.535, 362.403, 360.867, 463.621, 447.074, 427.775, 408.438, 393.35, 380.347, 371.521, 364.407, 360.778, 358.517, 429.053, 421.283, 408.438, 396.259, 384.039, 374.841, 366.69, 361.642, 357.689, 356.603, 406.094, 400.492, 393.35, 384.039, 376.14, 368.195, 362.634, 357.683, 355.209, 353.527, 388.675, 386.037, 380.347, 374.841, 368.195, 363.057, 357.87, 354.64, 351.833, 351.129, 377.326, 374.547, 371.521, 366.69, 362.634, 357.87, 354.496, 351.072, 349.3, 347.949, 368.689, 367.535, 364.407, 361.642, 357.683, 354.64, 351.072, 348.683, 346.245, 345.324, 364.257, 362.403, 360.778, 357.689, 355.209, 351.833, 349.3, 346.245, 343.998, 341.709, 361.608, 360.867, 358.517, 356.603, 353.527, 351.129, 347.949, 345.324, 341.709, 337.094}	Sw: {0.20108, 0.2, 0.2, 0.2, 0.2, 0.2, 0.2, 0.2, 0.2, 0.2, 0.2, 0.2, 0.2, 0.2, 0.2, 0.2, 0.2, 0.2, 0.2, 0.2, 0.2, 0.2, 0.2, 0.2, 0.2, 0.2, 0.2, 0.2, 0.2, 0.2, 0.2, 0.2, 0.2, 0.2, 0.2, 0.2, 0.2, 0.2, 0.2, 0.2, 0.2, 0.2, 0.2, 0.2, 0.2, 0.2, 0.2, 0.2, 0.2, 0.2, 0.2, 0.2, 0.2, 0.2, 0.2, 0.2, 0.2, 0.2, 0.2, 0.2, 0.2, 0.2, 0.2, 0.2, 0.2, 0.2, 0.2, 0.2, 0.2, 0.2, 0.2, 0.2, 0.2, 0.2, 0.2, 0.2, 0.2, 0.2, 0.2, 0.2, 0.2, 0.2, 0.2, 0.2, 0.2, 0.2, 0.2, 0.2, 0.2, 0.2, 0.2, 0.2, 0.2, 0.2, 0.2, 0.2, 0.2, 0.2, 0.2, 0.2}	Convergence: 0.00302452
90	Pr: {610.37, 521.215, 469.949, 435.188, 411.902, 394.197, 382.529, 373.642, 369.023, 366.276, 521.215, 487.32, 453.387, 427.314, 406.26, 391.462, 379.68, 372.399, 367.079, 365.451, 469.949, 453.387, 433.884, 414.341, 398.926, 385.622, 376.477, 369.104, 365.29, 362.927, 435.188, 427.314, 414.341, 401.889, 389.394, 379.862, 371.411, 366.102, 361.953, 360.784, 411.902, 406.26, 398.926, 389.394, 381.185, 372.93, 367.063, 361.843, 359.189, 357.4, 394.197, 391.462, 385.622, 379.862, 372.93, 367.476, 361.974, 358.486, 355.464, 354.676, 382.529, 379.68, 376.477, 371.411, 367.063, 361.974, 358.294, 354.565, 352.586, 351.093, 373.642, 372.399, 369.104, 366.102, 361.843, 358.486, 354.565, 351.87, 349.128, 348.043, 369.023, 367.079, 365.29, 361.953, 359.189, 355.464, 352.586, 349.128, 346.507, 343.847, 366.276, 365.451, 362.927, 360.784, 357.4, 354.676, 351.093, 348.043, 343.847, 338.386}	Sw: {0.20108, 0.2, 0.2, 0.2, 0.2, 0.2, 0.2, 0.2, 0.2, 0.2, 0.2, 0.2, 0.2, 0.2, 0.2, 0.2, 0.2, 0.2, 0.2, 0.2, 0.2, 0.2, 0.2, 0.2, 0.2, 0.2, 0.2, 0.2, 0.2, 0.2, 0.2, 0.2, 0.2, 0.2, 0.2, 0.2, 0.2, 0.2, 0.2, 0.2, 0.2, 0.2, 0.2, 0.2, 0.2, 0.2, 0.2, 0.2, 0.2, 0.2, 0.2, 0.2, 0.2, 0.2, 0.2, 0.2, 0.2, 0.2, 0.2, 0.2, 0.2, 0.2, 0.2, 0.2, 0.2, 0.2, 0.2, 0.2, 0.2, 0.2, 0.2, 0.2, 0.2, 0.2, 0.2, 0.2, 0.2, 0.2, 0.2, 0.2, 0.2, 0.2, 0.2, 0.2, 0.2, 0.2, 0.2, 0.2, 0.2, 0.2, 0.2, 0.2, 0.2, 0.2, 0.2, 0.2, 0.2, 0.2, 0.2, 0.2}	Convergence: 0.00281189
100	Pr: {616.439, 527.281, 475.866, 440.964, 417.438, 399.521, 387.615, 378.546, 373.783, 370.965, 527.281, 493.307, 459.293, 433.011, 411.764, 396.71, 384.712, 377.229, 371.769, 370.068, 475.866, 459.293, 439.638, 419.941, 404.281, 390.753, 381.366, 373.797, 369.839, 367.399, 440.964, 433.011, 419.941, 407.281, 394.578, 384.79, 376.108, 370.594, 366.295, 365.056, 417.438, 411.764, 404.281, 394.578, 386.127, 377.63, 371.518, 366.083, 363.28, 361.404, 399.521, 396.71, 390.753, 384.79, 377.63, 371.917, 366.158, 362.449, 359.246, 358.378, 387.615, 384.712, 381.366, 376.108, 371.518, 366.158, 362.21, 358.217, 356.042, 354.418, 378.546, 377.229, 373.797, 370.594, 366.083, 362.449, 358.217, 355.23, 352.2, 350.941, 373.783, 371.769, 369.839, 366.295, 363.28, 359.246, 356.042, 352.2, 349.191, 346.146, 370.965, 370.068, 367.399, 365.056, 361.404, 358.378, 354.418, 350.941, 346.146, 339.777}	Sw: {0.20108, 0.2, 0.2, 0.2, 0.2, 0.2, 0.2, 0.2, 0.2, 0.2, 0.2, 0.2, 0.2, 0.2, 0.2, 0.2, 0.2, 0.2, 0.2, 0.2, 0.2, 0.2, 0.2, 0.2, 0.2, 0.2, 0.2, 0.2, 0.2, 0.2, 0.2, 0.2, 0.2, 0.2, 0.2, 0.2, 0.2, 0.2, 0.2, 0.2, 0.2, 0.2, 0.2, 0.2, 0.2, 0.2, 0.2, 0.2, 0.2, 0.2, 0.2, 0.2, 0.2, 0.2, 0.2, 0.2, 0.2, 0.2, 0.2, 0.2, 0.2, 0.2, 0.2, 0.2, 0.2, 0.2, 0.2, 0.2, 0.2, 0.2, 0.2, 0.2, 0.2, 0.2, 0.2, 0.2, 0.2, 0.2, 0.2, 0.2, 0.2, 0.2, 0.2, 0.2, 0.2, 0.2, 0.2, 0.2, 0.2, 0.2, 0.2, 0.2, 0.2, 0.2, 0.2, 0.2, 0.2, 0.2, 0.2, 0.2}	Convergence: 0.00266994
110	Pr: {622.162, 533.004, 481.477, 446.469, 422.76, 404.686, 392.599, 383.392, 378.517, 375.645, 533.004, 498.97, 464.895, 438.455, 417.062, 401.813, 389.652, 382.012, 376.447, 374.685, 481.477, 464.895, 445.124, 425.31, 409.461, 395.762, 386.186, 378.468, 374.394, 371.895, 446.469, 438.455, 425.31, 412.489, 399.624, 389.633, 380.771, 375.092, 370.673, 369.373, 422.76, 417.062, 409.461, 399.624, 390.978, 382.287, 375.974, 370.364, 367.433, 365.484, 404.686, 401.813, 395.762, 389.633, 382.287, 376.357, 370.383, 366.48, 363.12, 362.176, 392.599, 389.652, 386.186, 380.771, 375.974, 370.383, 366.197, 361.967, 359.606, 357.861, 383.392, 382.012, 378.468, 375.092, 370.364, 366.48, 361.967, 358.701, 355.395, 353.955, 378.517, 376.447, 374.394, 370.673, 367.433, 363.12, 359.606, 355.395, 351.992, 348.554, 375.645, 374.685, 371.895, 369.373, 365.484, 362.176, 357.861, 353.955, 348.554, 341.233}	Sw: {0.20108, 0.2, 0.2, 0.2, 0.2, 0.2, 0.2, 0.2, 0.2, 0.2, 0.2, 0.2, 0.2, 0.2, 0.2, 0.2, 0.2, 0.2, 0.2, 0.2, 0.2, 0.2, 0.2, 0.2, 0.2, 0.2, 0.2, 0.2, 0.2, 0.2, 0.2, 0.2, 0.2, 0.2, 0.2, 0.2, 0.2, 0.2, 0.2, 0.2, 0.2, 0.2, 0.2, 0.2, 0.2, 0.2, 0.2, 0.2, 0.2, 0.2, 0.2, 0.2, 0.2, 0.2, 0.2, 0.2, 0.2, 0.2, 0.2, 0.2, 0.2, 0.2, 0.2, 0.2, 0.2, 0.2, 0.2, 0.2, 0.2, 0.2, 0.2, 0.2, 0.2, 0.2, 0.2, 0.2, 0.2, 0.2, 0.2, 0.2, 0.2, 0.2, 0.2, 0.2, 0.2, 0.2, 0.2, 0.2, 0.2, 0.2, 0.2, 0.2, 0.2, 0.2, 0.2, 0.2, 0.2, 0.2, 0.2, 0.2}	Convergence: 0.00257633
120	Pr: {627.624, 538.466, 486.852, 451.763, 427.914, 409.718, 397.49, 388.177, 383.213, 380.299, 538.466, 504.386, 470.264, 443.701, 422.196, 406.794, 394.508, 386.743, 381.096, 379.284, 486.852, 470.264, 450.402, 430.497, 414.5, 400.667, 390.939, 383.103, 378.934, 376.388, 451.763, 443.701, 430.497, 417.547, 404.553, 394.399, 385.391, 379.574, 375.058, 373.705, 427.914, 422.196, 414.5, 404.553, 395.747, 386.897, 380.413, 374.656, 371.612, 369.601, 409.718, 406.794, 400.667, 394.399, 386.897, 380.781, 374.621, 370.545, 367.046, 366.028, 397.49, 394.508, 390.939, 385.391, 380.413, 374.621, 370.218, 365.774, 363.235, 361.374, 388.177, 386.743, 383.103, 379.574, 374.656, 370.545, 365.774, 362.24, 358.667, 357.041, 383.213, 381.096, 378.934, 375.058, 371.612, 367.046, 363.235, 358.667, 354.865, 351.031, 380.299, 379.284, 376.388, 373.705, 369.601, 366.028, 361.374, 357.041, 351.031, 342.731}	Sw: {0.20108, 0.2, 0.2, 0.2, 0.2, 0.2, 0.2, 0.2, 0.2, 0.2, 0.2, 0.2, 0.2, 0.2, 0.2, 0.2, 0.2, 0.2, 0.2, 0.2, 0.2, 0.2, 0.2, 0.2, 0.2, 0.2, 0.2, 0.2, 0.2, 0.2, 0.2, 0.2, 0.2, 0.2, 0.2, 0.2, 0.2, 0.2, 0.2, 0.2, 0.2, 0.2, 0.2, 0.2, 0.2, 0.2, 0.2, 0.2, 0.2, 0.2, 0.2, 0.2, 0.2, 0.2, 0.2, 0.2, 0.2, 0.2, 0.2, 0.2, 0.2, 0.2, 0.2, 0.2, 0.2, 0.2, 0.2, 0.2, 0.2, 0.2, 0.2, 0.2, 0.2, 0.2, 0.2, 0.2, 0.2, 0.2, 0.2, 0.2, 0.2, 0.2, 0.2, 0.2, 0.2, 0.2, 0.2, 0.2, 0.2, 0.2, 0.2, 0.2, 0.2, 0.2, 0.2, 0.2, 0.2, 0.2, 0.2, 0.2}	Convergence: 0.00250052
130	Pr: {632.884, 543.725, 492.043, 456.891, 432.93, 414.639, 402.297, 392.9, 387.863, 384.916, 543.725, 509.608, 475.449, 448.79, 427.195, 411.671, 399.285, 391.419, 385.705, 383.85, 492.043, 475.449, 455.514, 435.537, 419.42, 405.479, 395.627, 387.695, 383.445, 380.862, 456.891, 448.79, 435.537, 422.481, 409.382, 399.092, 389.963, 384.029, 379.431, 378.029, 432.93, 427.195, 419.42, 409.382, 400.441, 391.456, 384.824, 378.941, 375.794, 373.729, 414.639, 411.671, 405.479, 399.092, 391.456, 385.175, 378.852, 374.619, 370.992, 369.902, 402.297, 399.285, 395.627, 389.963, 384.824, 378.852, 374.25, 369.607, 366.895, 364.924, 392.9, 391.419, 387.695, 384.029, 378.941, 374.619, 369.607, 365.812, 361.98, 360.167, 387.863, 385.705, 383.445, 379.431, 375.794, 370.992, 366.895, 361.98, 357.779, 353.547, 384.916, 383.85, 380.862, 378.029, 373.729, 369.902, 364.924, 360.167, 353.547, 344.252}	Sw: {0.20108, 0.2, 0.2, 0.2, 0.2, 0.2, 0.2, 0.2, 0.2, 0.2, 0.2, 0.2, 0.2, 0.2, 0.2, 0.2, 0.2, 0.2, 0.2, 0.2, 0.2, 0.2, 0.2, 0.2, 0.2, 0.2, 0.2, 0.2, 0.2, 0.2, 0.2, 0.2, 0.2, 0.2, 0.2, 0.2, 0.2, 0.2, 0.2, 0.2, 0.2, 0.2, 0.2, 0.2, 0.2, 0.2, 0.2, 0.2, 0.2, 0.2, 0.2, 0.2, 0.2, 0.2, 0.2, 0.2, 0.2, 0.2, 0.2, 0.2, 0.2, 0.2, 0.2, 0.2, 0.2, 0.2, 0.2, 0.2, 0.2, 0.2, 0.2, 0.2, 0.2, 0.2, 0.2, 0.2, 0.2, 0.2, 0.2, 0.2, 0.2, 0.2, 0.2, 0.2, 0.2, 0.2, 0.2, 0.2, 0.2, 0.2, 0.2, 0.2, 0.2, 0.2, 0.2, 0.2, 0.2, 0.2, 0.2, 0.2}	Convergence: 0.00244462
140	Pr: {637.982, 548.823, 497.085, 461.882, 437.83, 419.462, 407.026, 397.561, 392.461, 389.488, 548.823, 514.676, 480.487, 453.748, 432.081, 416.456, 403.989, 396.036, 390.269, 388.375, 497.085, 480.487, 460.492, 440.455, 424.238, 410.207, 400.251, 392.239, 387.919, 385.303, 461.882, 453.748, 440.455, 427.31, 414.122, 403.715, 394.484, 388.447, 383.778, 382.331, 437.83, 432.081, 424.238, 414.122, 405.063, 395.962, 389.199, 383.203, 379.963, 377.848, 419.462, 416.456, 410.207, 403.715, 395.962, 389.533, 383.062, 378.682, 374.939, 373.777, 407.026, 403.989, 400.251, 394.484, 389.199, 383.062, 378.272, 373.443, 370.563, 368.486, 397.561, 396.036, 392.239, 388.447, 383.203, 378.682, 373.443, 369.395, 365.311, 363.309, 392.461, 390.269, 387.919, 383.778, 379.963, 374.939, 370.563, 365.311, 360.711, 356.081, 389.488, 388.375, 385.303, 382.331, 377.848, 373.777, 368.486, 363.309, 356.081, 345.785}	Sw: {0.20108, 0.2, 0.2, 0.2, 0.2, 0.2, 0.2, 0.2, 0.2, 0.2, 0.2, 0.2, 0.2, 0.2, 0.2, 0.2, 0.2, 0.2, 0.2, 0.2, 0.2, 0.2, 0.2, 0.2, 0.2, 0.2, 0.2, 0.2, 0.2, 0.2, 0.2, 0.2, 0.2, 0.2, 0.2, 0.2, 0.2, 0.2, 0.2, 0.2, 0.2, 0.2, 0.2, 0.2, 0.2, 0.2, 0.2, 0.2, 0.2, 0.2, 0.2, 0.2, 0.2, 0.2, 0.2, 0.2, 0.2, 0.2, 0.2, 0.2, 0.2, 0.2, 0.2, 0.2, 0.2, 0.2, 0.2, 0.2, 0.2, 0.2, 0.2, 0.2, 0.2, 0.2, 0.2, 0.2, 0.2, 0.2, 0.2, 0.2, 0.2, 0.2, 0.2, 0.2, 0.2, 0.2, 0.2, 0.2, 0.2, 0.2, 0.2, 0.2, 0.2, 0.2, 0.2, 0.2, 0.2, 0.2, 0.2, 0.2}	Convergence: 0.00238852
150	Pr: {642.947, 553.789, 502.005, 466.759, 442.63, 424.198, 411.682, 402.161, 397.006, 394.011, 553.789, 519.616, 485.402, 458.596, 436.87, 421.159, 408.622, 400.596, 394.784, 392.855, 502.005, 485.402, 465.357, 445.269, 428.966, 414.86, 404.813, 396.732, 392.349, 389.705, 466.759, 458.596, 445.269, 432.047, 418.782, 408.273, 398.952, 392.823, 388.091, 386.601, 442.63, 436.87, 428.966, 418.782, 409.619, 400.413, 393.531, 387.433, 384.105, 381.946, 424.198, 421.159, 414.86, 408.273, 400.413, 393.848, 387.242, 382.723, 378.87, 377.639, 411.682, 408.622, 404.813, 398.952, 393.531, 387.242, 382.274, 377.267, 374.223, 372.043, 402.161, 400.596, 396.732, 392.823, 387.433, 382.723, 377.267, 372.972, 368.641, 366.45, 397.006, 394.784, 392.349, 388.091, 384.105, 378.87, 374.223, 368.641, 363.644, 358.618, 394.011, 392.855, 389.705, 386.601, 381.946, 377.639, 372.043, 366.45, 358.618, 347.32}	Sw: {0.20108, 0.2, 0.2, 0.2, 0.2, 0.2, 0.2, 0.2, 0.2, 0.2, 0.2, 0.2, 0.2, 0.2, 0.2, 0.2, 0.2, 0.2, 0.2, 0.2, 0.2, 0.2, 0.2, 0.2, 0.2, 0.2, 0.2, 0.2, 0.2, 0.2, 0.2, 0.2, 0.2, 0.2, 0.2, 0.2, 0.2, 0.2, 0.2, 0.2, 0.2, 0.2, 0.2, 0.2, 0.2, 0.2, 0.2, 0.2, 0.2, 0.2, 0.2, 0.2, 0.2, 0.2, 0.2, 0.2, 0.2, 0.2, 0.2, 0.2, 0.2, 0.2, 0.2, 0.2, 0.2, 0.2, 0.2, 0.2, 0.2, 0.2, 0.2, 0.2, 0.2, 0.2, 0.2, 0.2, 0.2, 0.2, 0.2, 0.2, 0.2, 0.2, 0.2, 0.2, 0.2, 0.2, 0.2, 0.2, 0.2, 0.2, 0.2, 0.2, 0.2, 0.2, 0.2, 0.2, 0.2, 0.2, 0.2, 0.2}	Convergence: 0.00233298
160	Pr: {647.801, 558.642, 506.819, 471.538, 447.342, 428.855, 416.269, 406.699, 401.497, 398.482, 558.642, 524.449, 490.213, 463.349, 441.571, 425.785, 413.189, 405.097, 399.246, 397.284, 506.819, 490.213, 470.123, 449.991, 433.614, 419.44, 409.312, 401.171, 396.731, 394.063, 471.538, 463.349, 449.991, 436.701, 423.368, 412.766, 403.365, 397.152, 392.363, 390.833, 447.342, 441.571, 433.614, 423.368, 414.109, 404.809, 397.816, 391.625, 388.214, 386.012, 428.855, 425.785, 419.44, 412.766, 404.809, 398.117, 391.385, 386.733, 382.775, 381.476, 416.269, 413.189, 409.312, 403.365, 397.816, 391.385, 386.245, 381.068, 377.864, 375.584, 406.699, 405.097, 401.171, 397.152, 391.625, 386.733, 381.068, 376.53, 371.958, 369.579, 401.497, 399.246, 396.731, 392.363, 388.214, 382.775, 377.864, 371.958, 366.568, 361.149, 398.482, 397.284, 394.063, 390.833, 386.012, 381.476, 375.584, 369.579, 361.149, 348.85}	Sw: {0.20108, 0.2, 0.2, 0.2, 0.2, 0.2, 0.2, 0.2, 0.2, 0.2, 0.2, 0.2, 0.2, 0.2, 0.2, 0.2, 0.2, 0.2, 0.2, 0.2, 0.2, 0.2, 0.2, 0.2, 0.2, 0.2, 0.2, 0.2, 0.2, 0.2, 0.2, 0.2, 0.2, 0.2, 0.2, 0.2, 0.2, 0.2, 0.2, 0.2, 0.2, 0.2, 0.2, 0.2, 0.2, 0.2, 0.2, 0.2, 0.2, 0.2, 0.2, 0.2, 0.2, 0.2, 0.2, 0.2, 0.2, 0.2, 0.2, 0.2, 0.2, 0.2, 0.2, 0.2, 0.2, 0.2, 0.2, 0.2, 0.2, 0.2, 0.2, 0.2, 0.2, 0.2, 0.2, 0.2, 0.2, 0.2, 0.2, 0.2, 0.2, 0.2, 0.2, 0.2, 0.2, 0.2, 0.2, 0.2, 0.2, 0.2, 0.2, 0.2, 0.2, 0.2, 0.2, 0.2, 0.2, 0.2, 0.2, 0.2}	Convergence: 0.00227845
170	Pr: {652.558, 563.4, 511.541, 476.228, 451.975, 433.439, 420.791, 411.178, 405.931, 402.899, 563.4, 529.187, 494.932, 468.017, 446.193, 430.341, 417.692, 409.541, 403.654, 401.663, 511.541, 494.932, 474.803, 454.632, 438.187, 423.954, 413.752, 405.556, 401.064, 398.373, 476.228, 468.017, 454.632, 441.279, 427.884, 417.198, 407.723, 401.431, 396.59, 395.021, 451.975, 446.193, 438.187, 427.884, 418.538, 409.15, 402.053, 395.774, 392.283, 390.042, 433.439, 430.341, 423.954, 417.198, 409.15, 402.337, 395.485, 390.705, 386.648, 385.281, 420.791, 417.692, 413.752, 407.723, 402.053, 395.485, 390.18, 384.838, 381.477, 379.099, 411.178, 409.541, 405.556, 401.431, 395.774, 390.705, 384.838, 380.063, 375.253, 372.687, 405.931, 403.654, 401.064, 396.59, 392.283, 386.648, 381.477, 375.253, 369.473, 363.664, 402.899, 401.663, 398.373, 395.021, 390.042, 385.281, 379.099, 372.687, 363.664, 350.372}	Sw: {0.20108, 0.2, 0.2, 0.2, 0.2, 0.2, 0.2, 0.2, 0.2, 0.2, 0.2, 0.2, 0.2, 0.2, 0.2, 0.2, 0.2, 0.2, 0.2, 0.2, 0.2, 0.2, 0.2, 0.2, 0.2, 0.2, 0.2, 0.2, 0.2, 0.2, 0.2, 0.2, 0.2, 0.2, 0.2, 0.2, 0.2, 0.2, 0.2, 0.2, 0.2, 0.2, 0.2, 0.2, 0.2, 0.2, 0.2, 0.2, 0.2, 0.2, 0.2, 0.2, 0.2, 0.2, 0.2, 0.2, 0.2, 0.2, 0.2, 0.2, 0.2, 0.2, 0.2, 0.2, 0.2, 0.2, 0.2, 0.2, 0.2, 0.2, 0.2, 0.2, 0.2, 0.2, 0.2, 0.2, 0.2, 0.2, 0.2, 0.2, 0.2, 0.2, 0.2, 0.2, 0.2, 0.2, 0.2, 0.2, 0.2, 0.2, 0.2, 0.2, 0.2, 0.2, 0.2, 0.2, 0.2, 0.2, 0.2, 0.2}	Convergence: 0.00222517
180	Pr: {657.229, 568.071, 516.181, 480.84, 456.533, 437.954, 425.249, 415.597, 410.309, 407.262, 568.071, 533.841, 499.569, 472.608, 450.743, 434.829, 422.133, 413.926, 408.007, 405.988, 516.181, 499.569, 479.404, 459.197, 442.69, 428.402, 418.132, 409.886, 405.344, 402.632, 480.84, 472.608, 459.197, 445.787, 432.335, 421.57, 412.026, 405.659, 400.769, 399.163, 456.533, 450.743, 442.69, 432.335, 422.905, 413.435, 406.239, 399.877, 396.308, 394.029, 437.954, 434.829, 428.402, 421.57, 413.435, 406.507, 399.54, 394.637, 390.482, 389.049, 425.249, 422.133, 418.132, 412.026, 406.239, 399.54, 394.075, 388.573, 385.057, 382.582, 415.597, 413.926, 409.886, 405.659, 399.877, 394.637, 388.573, 383.563, 378.52, 375.769, 410.309, 408.007, 405.344, 400.769, 396.308, 390.482, 385.057, 378.52, 372.354, 366.16, 407.262, 405.988, 402.632, 399.163, 394.029, 389.049, 382.582, 375.769, 366.16, 351.881}	Sw: {0.20108, 0.2, 0.2, 0.2, 0.2, 0.2, 0.2, 0.2, 0.2, 0.2, 0.2, 0.2, 0.2, 0.2, 0.2, 0.2, 0.2, 0.2, 0.2, 0.2, 0.2, 0.2, 0.2, 0.2, 0.2, 0.2, 0.2, 0.2, 0.2, 0.2, 0.2, 0.2, 0.2, 0.2, 0.2, 0.2, 0.2, 0.2, 0.2, 0.2, 0.2, 0.2, 0.2, 0.2, 0.2, 0.2, 0.2, 0.2, 0.2, 0.2, 0.2, 0.2, 0.2, 0.2, 0.2, 0.2, 0.2, 0.2, 0.2, 0.2, 0.2, 0.2, 0.2, 0.2, 0.2, 0.2, 0.2, 0.2, 0.2, 0.2, 0.2, 0.2, 0.2, 0.2, 0.2, 0.2, 0.2, 0.2, 0.2, 0.2, 0.2, 0.2, 0.2, 0.2, 0.2, 0.2, 0.2, 0.2, 0.2, 0.2, 0.2, 0.2, 0.2, 0.2, 0.2, 0.2, 0.2, 0.2, 0.2, 0.2}	Convergence: 0.00217328
190	Pr: {661.822, 572.664, 520.745, 485.378, 461.022, 442.404, 429.645, 419.958, 414.632, 411.57, 572.664, 538.418, 504.131, 477.127, 455.224, 439.253, 426.513, 418.255, 412.306, 410.259, 520.745, 504.131, 483.932, 463.692, 447.127, 432.789, 422.454, 414.161, 409.571, 406.84, 485.378, 477.127, 463.692, 450.228, 436.722, 425.883, 416.274, 409.836, 404.899, 403.256, 461.022, 455.224, 447.127, 436.722, 427.214, 417.665, 410.374, 403.931, 400.288, 397.972, 442.404, 439.253, 432.789, 425.883, 417.665, 410.626, 403.548, 398.524, 394.276, 392.777, 429.645, 426.513, 422.454, 416.274, 410.374, 403.548, 397.926, 392.268, 388.599, 386.031, 419.958, 418.255, 414.161, 409.836, 403.931, 398.524, 392.268, 387.028, 381.756, 378.82, 414.632, 412.306, 409.571, 404.899, 400.288, 394.276, 388.599, 381.756, 375.207, 368.632, 411.57, 410.259, 406.84, 403.256, 397.972, 392.777, 386.031, 378.82, 368.632, 353.376}	Sw: {0.20108, 0.2, 0.2, 0.2, 0.2, 0.2, 0.2, 0.2, 0.2, 0.2, 0.2, 0.2, 0.2, 0.2, 0.2, 0.2, 0.2, 0.2, 0.2, 0.2, 0.2, 0.2, 0.2, 0.2, 0.2, 0.2, 0.2, 0.2, 0.2, 0.2, 0.2, 0.2, 0.2, 0.2, 0.2, 0.2, 0.2, 0.2, 0.2, 0.2, 0.2, 0.2, 0.2, 0.2, 0.2, 0.2, 0.2, 0.2, 0.2, 0.2, 0.2, 0.2, 0.2, 0.2, 0.2, 0.2, 0.2, 0.2, 0.2, 0.2, 0.2, 0.2, 0.2, 0.2, 0.2, 0.2, 0.2, 0.2, 0.2, 0.2, 0.2, 0.2, 0.2, 0.2, 0.2, 0.2, 0.2, 0.2, 0.2, 0.2, 0.2, 0.2, 0.2, 0.2, 0.2, 0.2, 0.2, 0.2, 0.2, 0.2, 0.2, 0.2, 0.2, 0.2, 0.2, 0.2, 0.2, 0.2, 0.2, 0.2}	Convergence: 0.00212285
200	Pr: {666.343, 577.185, 525.239, 489.848, 465.446, 446.791, 433.982, 424.262, 418.898, 415.823, 577.185, 542.924, 508.623, 481.578, 459.639, 443.615, 430.833, 422.526, 416.55, 414.476, 525.239, 508.623, 488.392, 468.121, 451.501, 437.115, 426.719, 418.38, 413.746, 410.996, 489.848, 481.578, 468.121, 454.605, 441.049, 430.137, 420.467, 413.96, 408.978, 407.3, 465.446, 459.639, 451.501, 441.049, 431.464, 421.84, 414.457, 407.937, 404.221, 401.869, 446.791, 443.615, 437.115, 430.137, 421.84, 414.693, 407.507, 402.366, 398.026, 396.463, 433.982, 430.833, 426.719, 420.467, 414.457, 407.507, 401.732, 395.921, 392.103, 389.441, 424.262, 422.526, 418.38, 413.96, 407.937, 402.366, 395.921, 390.455, 384.956, 381.839, 418.898, 416.55, 413.746, 408.978, 404.221, 398.026, 392.103, 384.956, 378.03, 371.078, 415.823, 414.476, 410.996, 407.3, 401.869, 396.463, 389.441, 381.839, 371.078, 354.856}	Sw: {0.20108, 0.2, 0.2, 0.2, 0.2, 0.2, 0.2, 0.2, 0.2, 0.2, 0.2, 0.2, 0.2, 0.2, 0.2, 0.2, 0.2, 0.2, 0.2, 0.2, 0.2, 0.2, 0.2, 0.2, 0.2, 0.2, 0.2, 0.2, 0.2, 0.2, 0.2, 0.2, 0.2, 0.2, 0.2, 0.2, 0.2, 0.2, 0.2, 0.2, 0.2, 0.2, 0.2, 0.2, 0.2, 0.2, 0.2, 0.2, 0.2, 0.2, 0.2, 0.2, 0.2, 0.2, 0.2, 0.2, 0.2, 0.2, 0.2, 0.2, 0.2, 0.2, 0.2, 0.2, 0.2, 0.2, 0.2, 0.2, 0.2, 0.2, 0.2, 0.2, 0.2, 0.2, 0.2, 0.2, 0.2, 0.2, 0.2, 0.2, 0.2, 0.2, 0.2, 0.2, 0.2, 0.2, 0.2, 0.2, 0.2, 0.2, 0.2, 0.2, 0.2, 0.2, 0.2, 0.2, 0.2, 0.2, 0.2, 0.2}	Convergence: 0.0020739
210	Pr: {670.796, 581.638, 529.666, 494.253, 469.807, 451.117, 438.26, 428.508, 423.109, 420.021, 581.638, 547.363, 513.048, 485.965, 463.992, 447.917, 435.096, 426.742, 420.738, 418.639, 529.666, 513.048, 492.787, 472.486, 455.814, 441.382, 430.927, 422.546, 417.867, 415.1, 494.253, 485.965, 472.486, 458.921, 445.316, 434.335, 424.605, 418.031, 413.006, 411.294, 469.807, 463.992, 455.814, 445.316, 435.657, 425.96, 418.488, 411.893, 408.105, 405.719, 451.117, 447.917, 441.382, 434.335, 425.96, 418.708, 411.418, 406.161, 401.731, 400.105, 438.26, 435.096, 430.927, 424.605, 418.488, 411.418, 405.492, 399.531, 395.565, 392.812, 428.508, 426.742, 422.546, 418.031, 411.893, 406.161, 399.531, 393.841, 388.119, 384.823, 423.109, 420.738, 417.867, 413.006, 408.105, 401.731, 395.565, 388.119, 380.821, 373.496, 420.021, 418.639, 415.1, 411.294, 405.719, 400.105, 392.812, 384.823, 373.496, 356.319}	Sw: {0.20108, 0.2, 0.2, 0.2, 0.2, 0.2, 0.2, 0.2, 0.2, 0.2, 0.2, 0.2, 0.2, 0.2, 0.2, 0.2, 0.2, 0.2, 0.2, 0.2, 0.2, 0.2, 0.2, 0.2, 0.2, 0.2, 0.2, 0.2, 0.2, 0.2, 0.2, 0.2, 0.2, 0.2, 0.2, 0.2, 0.2, 0.2, 0.2, 0.2, 0.2, 0.2, 0.2, 0.2, 0.2, 0.2, 0.2, 0.2, 0.2, 0.2, 0.2, 0.2, 0.2, 0.2, 0.2, 0.2, 0.2, 0.2, 0.2, 0.2, 0.2, 0.2, 0.2, 0.2, 0.2, 0.2, 0.2, 0.2, 0.2, 0.2, 0.2, 0.2, 0.2, 0.2, 0.2, 0.2, 0.2, 0.2, 0.2, 0.2, 0.2, 0.2, 0.2, 0.2, 0.2, 0.2, 0.2, 0.2, 0.2, 0.2, 0.2, 0.2, 0.2, 0.2, 0.2, 0.2, 0.2, 0.2, 0.2, 0.2}	Convergence: 0.00202642
220	Pr: {675.184, 586.027, 534.03, 498.595, 474.107, 455.383, 442.48, 432.698, 427.265, 424.165, 586.027, 551.738, 517.41, 490.29, 468.285, 452.16, 439.301, 430.902, 424.873, 422.749, 534.03, 517.41, 497.12, 476.79, 460.067, 445.591, 435.079, 426.657, 421.935, 419.151, 498.595, 490.29, 476.79, 463.177, 449.525, 438.477, 428.689, 422.05, 416.983, 415.236, 474.107, 468.285, 460.067, 449.525, 439.795, 430.027, 422.467, 415.798, 411.941, 409.521, 455.383, 452.16, 445.591, 438.477, 430.027, 422.671, 415.279, 409.909, 405.391, 403.701, 442.48, 439.301, 435.079, 428.689, 422.467, 415.279, 409.205, 403.097, 398.985, 396.143, 432.698, 430.902, 426.657, 422.05, 415.798, 409.909, 403.097, 397.187, 391.245, 387.772, 427.265, 424.873, 421.935, 416.983, 411.941, 405.391, 398.985, 391.245, 383.578, 375.886, 424.165, 422.749, 419.151, 415.236, 409.521, 403.701, 396.143, 387.772, 375.886, 357.764}	Sw: {0.20108, 0.2, 0.2, 0.2, 0.2, 0.2, 0.2, 0.2, 0.2, 0.2, 0.2, 0.2, 0.2, 0.2, 0.2, 0.2, 0.2, 0.2, 0.2, 0.2, 0.2, 0.2, 0.2, 0.2, 0.2, 0.2, 0.2, 0.2, 0.2, 0.2, 0.2, 0.2, 0.2, 0.2, 0.2, 0.2, 0.2, 0.2, 0.2, 0.2, 0.2, 0.2, 0.2, 0.2, 0.2, 0.2, 0.2, 0.2, 0.2, 0.2, 0.2, 0.2, 0.2, 0.2, 0.2, 0.2, 0.2, 0.2, 0.2, 0.2, 0.2, 0.2, 0.2, 0.2, 0.2, 0.2, 0.2, 0.2, 0.2, 0.2, 0.2, 0.2, 0.2, 0.2, 0.2, 0.2, 0.2, 0.2, 0.2, 0.2, 0.2, 0.2, 0.2, 0.2, 0.2, 0.2, 0.2, 0.2, 0.2, 0.2, 0.2, 0.2, 0.2, 0.2, 0.2, 0.2, 0.2, 0.2, 0.2, 0.2}	Convergence: 0.00198039
230	Pr: {679.51, 590.353, 538.333, 502.877, 478.349, 459.592, 446.645, 436.833, 431.366, 428.255, 590.353, 556.051, 521.71, 494.555, 472.519, 456.346, 443.451, 435.007, 428.953, 426.805, 538.333, 521.71, 501.392, 481.035, 464.263, 449.744, 439.176, 430.714, 425.95, 423.149, 502.877, 494.555, 481.035, 467.375, 453.677, 442.564, 432.72, 426.018, 420.909, 419.129, 478.349, 472.519, 464.263, 453.677, 443.877, 434.04, 426.394, 419.654, 415.728, 413.274, 459.592, 456.346, 449.744, 442.564, 434.04, 426.583, 419.09, 413.609, 409.004, 407.253, 446.645, 443.451, 439.176, 432.72, 426.394, 419.09, 412.871, 406.618, 402.362, 399.432, 436.833, 435.007, 430.714, 426.018, 419.654, 413.609, 406.618, 400.491, 394.333, 390.684, 431.366, 428.953, 425.95, 420.909, 415.728, 409.004, 402.362, 394.333, 386.302, 378.246, 428.255, 426.805, 423.149, 419.129, 413.274, 407.253, 399.432, 390.684, 378.246, 359.192}	Sw: {0.20108, 0.2, 0.2, 0.2, 0.2, 0.2, 0.2, 0.2, 0.2, 0.2, 0.2, 0.2, 0.2, 0.2, 0.2, 0.2, 0.2, 0.2, 0.2, 0.2, 0.2, 0.2, 0.2, 0.2, 0.2, 0.2, 0.2, 0.2, 0.2, 0.2, 0.2, 0.2, 0.2, 0.2, 0.2, 0.2, 0.2, 0.2, 0.2, 0.2, 0.2, 0.2, 0.2, 0.2, 0.2, 0.2, 0.2, 0.2, 0.2, 0.2, 0.2, 0.2, 0.2, 0.2, 0.2, 0.2, 0.2, 0.2, 0.2, 0.2, 0.2, 0.2, 0.2, 0.2, 0.2, 0.2, 0.2, 0.2, 0.2, 0.2, 0.2, 0.2, 0.2, 0.2, 0.2, 0.2, 0.2, 0.2, 0.2, 0.2, 0.2, 0.2, 0.2, 0.2, 0.2, 0.2, 0.2, 0.2, 0.2, 0.2, 0.2, 0.2, 0.2, 0.2, 0.2, 0.2, 0.2, 0.2, 0.2, 0.2}	Convergence: 0.00193576
240	Pr: {683.776, 594.62, 542.576, 507.1, 482.532, 463.744, 450.753, 440.913, 435.414, 432.291, 594.62, 560.305, 525.952, 498.761, 476.695, 460.476, 447.545, 439.058, 432.98, 430.808, 542.576, 525.952, 505.606, 485.222, 468.402, 453.842, 443.219, 434.718, 429.913, 427.096, 507.1, 498.761, 485.222, 471.517, 457.774, 446.597, 436.697, 429.933, 424.784, 422.971, 482.532, 476.695, 468.402, 457.774, 447.906, 438, 430.271, 423.46, 419.466, 416.98, 463.744, 460.476, 453.842, 446.597, 438, 430.444, 422.853, 417.262, 412.572, 410.76, 450.753, 447.545, 443.219, 436.697, 430.271, 422.853, 416.491, 410.095, 405.697, 402.679, 440.913, 439.058, 434.718, 429.933, 423.46, 417.262, 410.095, 403.753, 397.381, 393.559, 435.414, 432.98, 429.913, 424.784, 419.466, 412.572, 405.697, 397.381, 388.992, 380.578, 432.291, 430.808, 427.096, 422.971, 416.98, 410.76, 402.679, 393.559, 380.578, 360.602}	Sw: {0.20108, 0.2, 0.2, 0.2, 0.2, 0.2, 0.2, 0.2, 0.2, 0.2, 0.2, 0.2, 0.2, 0.2, 0.2, 0.2, 0.2, 0.2, 0.2, 0.2, 0.2, 0.2, 0.2, 0.2, 0.2, 0.2, 0.2, 0.2, 0.2, 0.2, 0.2, 0.2, 0.2, 0.2, 0.2, 0.2, 0.2, 0.2, 0.2, 0.2, 0.2, 0.2, 0.2, 0.2, 0.2, 0.2, 0.2, 0.2, 0.2, 0.2, 0.2, 0.2, 0.2, 0.2, 0.2, 0.2, 0.2, 0.2, 0.2, 0.2, 0.2, 0.2, 0.2, 0.2, 0.2, 0.2, 0.2, 0.2, 0.2, 0.2, 0.2, 0.2, 0.2, 0.2, 0.2, 0.2, 0.2, 0.2, 0.2, 0.2, 0.2, 0.2, 0.2, 0.2, 0.2, 0.2, 0.2, 0.2, 0.2, 0.2, 0.2, 0.2, 0.2, 0.2, 0.2, 0.2, 0.2, 0.2, 0.2, 0.2}	Convergence: 0.0018925
250	Pr: {687.984, 598.828, 546.762, 511.265, 486.659, 467.841, 454.807, 444.94, 439.408, 436.274, 598.828, 564.5, 530.135, 502.911, 480.815, 464.55, 451.585, 443.056, 436.955, 434.758, 546.762, 530.135, 509.763, 489.352, 472.486, 457.885, 447.209, 438.669, 433.824, 430.991, 511.265, 502.911, 489.352, 475.603, 461.816, 450.576, 440.623, 433.797, 428.608, 426.763, 486.659, 480.815, 472.486, 461.816, 451.881, 441.909, 434.096, 427.216, 423.156, 420.638, 467.841, 464.55, 457.885, 450.576, 441.909, 434.255, 426.566, 420.867, 416.093, 414.222, 454.807, 451.585, 447.209, 440.623, 434.096, 426.566, 420.063, 413.526, 408.989, 405.885, 444.94, 443.056, 438.669, 433.797, 427.216, 420.867, 413.526, 406.974, 400.391, 396.398, 439.408, 436.955, 433.824, 428.608, 423.156, 416.093, 408.989, 400.391, 391.648, 382.879, 436.274, 434.758, 430.991, 426.763, 420.638, 414.222, 405.885, 396.398, 382.879, 361.994}	Sw: {0.20108, 0.2, 0.2, 0.2, 0.2, 0.2, 0.2, 0.2, 0.2, 0.2, 0.2, 0.2, 0.2, 0.2, 0.2, 0.2, 0.2, 0.2, 0.2, 0.2, 0.2, 0.2, 0.2, 0.2, 0.2, 0.2, 0.2, 0.2, 0.2, 0.2, 0.2, 0.2, 0.2, 0.2, 0.2, 0.2, 0.2, 0.2, 0.2, 0.2, 0.2, 0.2, 0.2, 0.2, 0.2, 0.2, 0.2, 0.2, 0.2, 0.2, 0.2, 0.2, 0.2, 0.2, 0.2, 0.2, 0.2, 0.2, 0.2, 0.2, 0.2, 0.2, 0.2, 0.2, 0.2, 0.2, 0.2, 0.2, 0.2, 0.2, 0.2, 0.2, 0.2, 0.2, 0.2, 0.2, 0.2, 0.2, 0.2, 0.2, 0.2, 0.2, 0.2, 0.2, 0.2, 0.2, 0.2, 0.2, 0.2, 0.2, 0.2, 0.2, 0.2, 0.2, 0.2, 0.2, 0.2, 0.2, 0.2, 0.2}	Convergence: 0.00185055
260	Pr: {692.135, 602.979, 550.89, 515.375, 490.731, 471.883, 458.808, 448.913, 443.35, 440.205, 602.979, 568.639, 534.262, 507.005, 484.88, 468.571, 455.572, 447.001, 440.876, 438.657, 550.89, 534.262, 513.863, 493.427, 476.515, 461.874, 451.146, 442.569, 437.684, 434.835, 515.375, 507.005, 493.427, 479.634, 465.804, 454.503, 444.496, 437.611, 432.383, 430.506, 490.731, 484.88, 476.515, 465.804, 455.803, 445.765, 437.872, 430.924, 426.798, 424.248, 471.883, 468.571, 461.874, 454.503, 445.765, 438.016, 430.232, 424.426, 419.569, 417.638, 458.808, 455.572, 451.146, 444.496, 437.872, 430.232, 423.589, 416.914, 412.239, 409.05, 448.913, 447.001, 442.569, 437.611, 430.924, 424.426, 416.914, 410.153, 403.362, 399.201, 443.35, 440.876, 437.684, 432.383, 426.798, 419.569, 412.239, 403.362, 394.269, 385.151, 440.205, 438.657, 434.835, 430.506, 424.248, 417.638, 409.05, 399.201, 385.151, 363.369}	Sw: {0.20108, 0.2, 0.2, 0.2, 0.2, 0.2, 0.2, 0.2, 0.2, 0.2, 0.2, 0.2, 0.2, 0.2, 0.2, 0.2, 0.2, 0.2, 0.2, 0.2, 0.2, 0.2, 0.2, 0.2, 0.2, 0.2, 0.2, 0.2, 0.2, 0.2, 0.2, 0.2, 0.2, 0.2, 0.2, 0.2, 0.2, 0.2, 0.2, 0.2, 0.2, 0.2, 0.2, 0.2, 0.2, 0.2, 0.2, 0.2, 0.2, 0.2, 0.2, 0.2, 0.2, 0.2, 0.2, 0.2, 0.2, 0.2, 0.2, 0.2, 0.2, 0.2, 0.2, 0.2, 0.2, 0.2, 0.2, 0.2, 0.2, 0.2, 0.2, 0.2, 0.2, 0.2, 0.2, 0.2, 0.2, 0.2, 0.2, 0.2, 0.2, 0.2, 0.2, 0.2, 0.2, 0.2, 0.2, 0.2, 0.2, 0.2, 0.2, 0.2, 0.2, 0.2, 0.2, 0.2, 0.2, 0.2, 0.2, 0.2}	Convergence: 0.00180988
